7 0
8 1
9 5
10 7
11 5
12 2
13 0
14 6
15 0
16 2
17 4
18 13
19 0
20 4
21 3
22 0
23 3
24 2
25 8
26 0
27 4
28 7
29 18
30 0
31 4
32 4
33 1
34 25
35 0
36 5
37 25
38 3
39 15
40 38
41 0
42 6
43 28
44 0
45 3
46 7
47 18
48 18
49 1
50 16
51 0
52 7
53 6
54 11
55 0
56 4
57 24
58 0
59 3
60 14
61 0
62 3
63 3
64 1
65 15
66 26
67 0
68 6
69 15
70 4
71 14
72 11
73 18
74 25
75 37
76 0
77 9
78 0
79 2
80 55
81 0
82 3
83 19
84 0
85 3
86 3
87 1
88 23
89 0
90 5
91 54
92 0
93 3
94 7
95 42
96 0
97 4
98 27
99 0
100 3
101 7
102 7
103 1
104 16
105 54
106 14
107 35
108 0
109 9
110 32
111 0
112 3
113 12
114 0
115 3
116 3
117 1
118 14
119 12
120 6
121 52
122 0
123 8
124 98
125 0
126 3
127 10
128 0
129 3
130 3
131 1
132 14
133 14
134 1
135 3
136 5
137 46
138 0
139 10
140 12
141 21
142 0
143 4
144 46
145 7
146 43
147 0
148 5
149 12
150 9
151 41
152 0
153 5
154 5
155 1
156 21
157 15
158 88
159 0
160 7
161 15
162 4
163 19
164 80
165 0
166 6
167 46
168 23
169 80
170 5
171 16
172 67
173 0
174 8
175 51
176 0
177 3
178 42
179 83
180 0
181 4
182 19
183 19
184 1
185 29
186 0
187 6
188 21
189 32
190 79
191 0
192 5
193 22
194 0
195 3
196 18
197 123
198 0
199 4
200 18
201 4
202 2
203 123
204 6
205 17
206 0
207 8
208 33
209 0
210 3
211 15
212 50
213 0
214 4
215 13
216 197
217 0
218 4
219 4
220 1
221 36
222 0
223 5
224 31
225 0
226 3
227 16
228 56
229 0
230 4
231 11
232 159
233 0
234 4
235 4
236 1
237 16
238 10
239 99
240 0
241 7
242 81
243 0
244 3
245 18
246 45
247 0
248 4
249 13
250 34
251 0
252 4
253 4
254 1
255 18
256 10
257 18
258 2
259 56
260 31
261 36
262 40
263 0
264 12
265 115
266 0
267 3
268 23
269 100
270 0
271 4
272 18
273 15
274 62
275 0
276 5
277 53
278 0
279 3
280 12
281 16
282 44
283 0
284 5
285 8
286 78
287 0
288 4
289 17
290 84
291 0
292 4
293 4
294 1
295 40
296 33
297 88
298 139
299 0
300 8
301 15
302 28
303 259
304 0
305 5
306 21
307 118
308 0
309 4
310 16
311 29
312 126
313 0
314 5
315 9
316 165
317 0
318 4
319 9
320 4
321 2
322 63
323 0
324 6
325 120
326 0
327 3
328 48
329 0
330 3
331 3
332 1
333 38
334 293
335 0
336 6
337 12
338 57
339 0
340 4
341 20
342 0
343 3
344 12
345 7
346 104
347 0
348 5
349 34
350 99
351 111
352 0
353 5
354 5
355 1
356 23
357 88
358 60
359 0
360 7
361 15
362 60
363 4
364 23
365 8
366 65
367 0
368 8
369 3
370 26
371 304
372 0
373 5
374 19
375 191
376 0
377 4
378 14
379 245
380 0
381 4
382 4
383 1
384 28
385 82
386 0
387 6
388 51
389 213
390 0
391 4
392 9
393 73
394 0
395 4
396 4
397 1
398 14
399 20
400 58
401 0
402 7
403 42
404 225
405 0
406 4
407 10
408 151
409 0
410 4
411 4
412 1
413 15
414 52
415 293
416 81
417 174
418 0
419 9
420 27
421 322
422 0
423 4
424 12
425 80
426 256
427 0
428 5
429 55
430 349
431 0
432 4
433 9
434 14
435 36
436 174
437 19
438 63
439 116
440 0
441 9
442 8
443 74
444 0
445 4
446 13
447 197
448 231
449 0
450 5
451 22
452 258
453 0
454 4
455 9
456 14
457 22
458 6
459 71
460 0
461 7
462 59
463 0
464 3
465 95
466 0
467 3
468 3
469 1
470 57
471 132
472 0
473 6
474 15
475 61
476 0
477 4
478 23
479 114
480 0
481 4
482 4
483 1
484 14
485 28
486 101
487 0
488 7
489 27
490 69
491 0
492 4
493 10
494 86
495 0
496 4
497 4
498 1
499 15
500 25
501 426
502 0
503 7
504 15
505 5
506 55
507 77
508 0
509 6
510 36
511 75
512 0
513 4
514 16
515 204
516 0
517 4
518 4
519 1
520 21
521 214
522 0
523 6
524 14
525 40
526 230
527 0
528 5
529 23
530 51
531 142
532 0
533 5
534 5
535 1
536 16
537 22
538 80
539 113
540 0
541 8
542 99
543 192
544 0
545 4
546 27
547 57
548 77
549 41
550 398
551 0
552 7
553 49
554 0
555 3
556 87
557 0
558 3
559 3
560 1
561 25
562 61
563 87
564 7
565 12
566 141
567 0
568 10
569 75
570 58
571 170
572 0
573 5
574 39
575 0
576 3
577 17
578 288
579 0
580 4
581 35
582 474
583 0
584 4
585 4
586 1
587 26
588 217
589 0
590 6
591 67
592 419
593 0
594 4
595 9
596 140
597 0
598 4
599 4
600 1
601 14
602 77
603 54
604 498
605 0
606 8
607 65
608 241
609 0
610 4
611 11
612 380
613 0
614 4
615 4
616 1
617 16
618 81
619 202
620 0
621 7
622 57
623 75
624 54
625 21
626 105
627 0
628 7
629 7
630 1
631 14
632 30
633 0
634 6
635 44
636 353
637 0
638 4
639 23
640 110
641 0
642 4
643 4
644 1
645 14
646 14
647 1
648 3
649 72
650 0
651 9
652 56
653 393
654 0
655 4
656 12
657 91
658 0
659 4
660 4
661 1
662 14
663 16
664 46
665 497
666 0
667 8
668 61
669 106
670 0
671 4
672 11
673 61
674 5
675 101
676 189
677 0
678 7
679 49
680 126
681 368
682 0
683 5
684 9
685 33
686 389
687 0
688 5
689 5
690 1
691 29
692 380
693 80
694 155
695 0
696 8
697 29
698 6
699 64
700 0
701 5
702 12
703 46
704 39
705 130
706 0
707 6
708 9
709 24
710 652
711 0
712 5
713 11
714 41
715 165
716 399
717 0
718 6
719 11
720 6
721 2
722 400
723 0
724 6
725 4
726 54
727 102
728 0
729 5
730 17
731 153
732 0
733 4
734 8
735 38
736 402
737 0
738 5
739 9
740 31
741 480
742 0
743 5
744 5
745 1
746 55
747 240
748 0
749 6
750 25
751 189
752 75
753 129
754 0
755 6
756 6
757 1
758 12
759 56
760 107
761 0
762 7
763 84
764 473
765 0
766 4
767 33
768 82
769 383
770 0
771 5
772 27
773 226
774 0
775 4
776 9
777 37
778 702
779 0
780 5
781 9
782 5
783 2
784 62
785 510
786 0
787 7
788 25
789 38
790 54
791 64
792 92
793 0
794 7
795 7
796 1
797 39
798 93
799 0
800 6
801 44
802 166
803 0
804 4
805 29
806 108
807 0
808 4
809 4
810 1
811 14
812 149
813 0
814 6
815 14
816 4
817 7
818 22
819 281
820 0
821 7
822 4
823 6
824 9
825 43
826 679
827 0
828 7
829 7
830 1
831 20
832 432
833 0
834 6
835 11
836 116
837 397
838 0
839 5
840 57
841 218
842 0
843 4
844 21
845 219
846 0
847 4
848 4
849 1
850 19
851 413
852 0
853 6
854 19
855 4
856 7
857 27
858 85
859 0
860 7
861 4
862 6
863 9
864 39
865 67
866 274
867 0
868 8
869 134
870 0
871 3
872 223
873 0
874 3
875 3
876 1
877 27
878 20
879 47
880 0
881 7
882 21
883 38
884 94
885 0
886 5
887 47
888 8
889 20
890 11
891 55
892 145
893 0
894 8
895 6
896 33
897 129
898 144
899 0
900 6
901 5
902 15
903 398
904 353
905 268
906 0
907 7
908 26
909 321
910 0
911 4
912 50
913 700
914 0
915 4
916 4
917 1
918 41
919 204
920 404
921 0
922 7
923 15
924 21
925 42
926 522
927 0
928 6
929 28
930 444
931 0
932 4
933 16
934 270
935 0
936 4
937 4
938 1
939 21
940 15
941 17
942 211
943 0
944 8
945 50
946 33
947 50
948 2
949 165
950 234
951 0
952 8
953 8
954 1
955 16
956 22
957 138
958 0
959 7
960 37
961 183
962 0
963 4
964 26
965 56
966 206
967 0
968 5
969 67
970 104
971 624
972 0
973 5
974 5
975 1
976 21
977 37
978 17
979 37
980 2
981 32
982 792
983 0
984 11
985 94
986 101
987 311
988 0
989 5
990 15
991 50
992 44
993 191
994 618
995 0
996 7
997 37
998 18
999 726
1000 0
1001 5
1002 12
1003 244
1004 0
1005 4
1006 42
1007 81
1008 389
1009 322
1010 588
1011 0
1012 7
1013 16
1014 58
1015 444
1016 85
1017 158
1018 0
1019 7
1020 7
1021 1
1022 46
1023 319
1024 0
1025 6
1026 97
1027 0
1028 3
1029 153
1030 298
1031 0
1032 4
1033 27
1034 156
1035 0
1036 4
1037 4
1038 1
1039 17
1040 61
1041 367
1042 0
1043 7
1044 23
1045 405
1046 0
1047 4
1048 10
1049 480
1050 308
1051 0
1052 5
1053 51
1054 523
1055 0
1056 4
1057 9
1058 194
1059 0
1060 4
1061 4
1062 1
1063 24
1064 354
1065 0
1066 6
1067 41
1068 149
1069 256
1070 643
1071 0
1072 6
1073 6
1074 1
1075 12
1076 73
1077 683
1078 0
1079 7
1080 36
1081 570
1082 0
1083 4
1084 22
1085 128
1086 0
1087 4
1088 4
1089 1
1090 15
1091 100
1092 822
1093 0
1094 7
1095 15
1096 5
1097 44
1098 105
1099 472
1100 0
1101 7
1102 7
1103 1
1104 14
1105 289
1106 0
1107 6
1108 34
1109 759
1110 0
1111 4
1112 23
1113 68
1114 0
1115 4
1116 4
1117 1
1118 14
1119 14
1120 1
1121 3
1122 93
1123 324
1124 0
1125 10
1126 77
1127 524
1128 0
1129 4
1130 13
1131 684
1132 0
1133 4
1134 4
1135 1
1136 15
1137 41
1138 70
1139 0
1140 7
1141 38
1142 258
1143 690
1144 0
1145 5
1146 49
1147 467
1148 0
1149 4
1150 15
1151 14
1152 32
1153 171
1154 0
1155 6
1156 48
1157 828
1158 0
1159 4
1160 10
1161 35
1162 580
1163 0
1164 5
1165 19
1166 311
1167 179
1168 0
1169 5
1170 5
1171 1
1172 36
1173 92
1174 381
1175 0
1176 7
1177 36
1178 5
1179 8
1180 226
1181 407
1182 0
1183 7
1184 7
1185 1
1186 14
1187 35
1188 26
1189 224
1190 0
1191 8
1192 12
1193 117
1194 0
1195 4
1196 36
1197 19
1198 32
1199 46
1200 177
1201 0
1202 7
1203 18
1204 205
1205 0
1206 4
1207 11
1208 223
1209 336
1210 0
1211 5
1212 33
1213 266
1214 0
1215 4
1216 9
1217 159
1218 985
1219 0
1220 5
1221 9
1222 5
1223 2
1224 243
1225 0
1226 6
1227 71
1228 768
1229 0
1230 4
1231 15
1232 81
1233 225
1234 829
1235 0
1236 6
1237 10
1238 77
1239 112
1240 0
1241 5
1242 19
1243 45
1244 997
1245 0
1246 5
1247 5
1248 1
1249 63
1250 811
1251 0
1252 6
1253 16
1254 240
1255 507
1256 0
1257 5
1258 10
1259 21
1260 283
1261 0
1262 5
1263 5
1264 1
1265 16
1266 12
1267 74
1268 824
1269 0
1270 8
1271 79
1272 1081
1273 0
1274 4
1275 44
1276 178
1277 0
1278 4
1279 4
1280 1
1281 16
1282 16
1283 1
1284 3
1285 163
1286 0
1287 9
1288 66
1289 0
1290 3
1291 6
1292 39
1293 428
1294 0
1295 5
1296 32
1297 98
1298 1173
1299 0
1300 5
1301 5
1302 1
1303 19
1304 61
1305 264
1306 0
1307 7
1308 105
1309 210
1310 0
1311 4
1312 32
1313 16
1314 31
1315 574
1316 0
1317 6
1318 26
1319 130
1320 614
1321 0
1322 5
1323 21
1324 64
1325 533
1326 0
1327 5
1328 5
1329 1
1330 27
1331 297
1332 0
1333 6
1334 16
1335 21
1336 12
1337 70
1338 199
1339 0
1340 7
1341 33
1342 129
1343 445
1344 0
1345 5
1346 17
1347 307
1348 0
1349 4
1350 38
1351 209
1352 0
1353 4
1354 4
1355 1
1356 26
1357 38
1358 7
1359 18
1360 156
1361 326
1362 0
1363 10
1364 105
1365 56
1366 400
1367 644
1368 0
1369 6
1370 36
1371 174
1372 935
1373 0
1374 5
1375 29
1376 570
1377 295
1378 0
1379 5
1380 5
1381 1
1382 26
1383 26
1384 1
1385 3
1386 95
1387 921
1388 0
1389 10
1390 26
1391 7
1392 33
1393 51
1394 340
1395 0
1396 7
1397 5
1398 17
1399 52
1400 985
1401 182
1402 0
1403 7
1404 7
1405 1
1406 21
1407 71
1408 180
1409 0
1410 7
1411 6
1412 42
1413 406
1414 0
1415 5
1416 18
1417 57
1418 577
1419 0
1420 5
1421 5
1422 1
1423 17
1424 25
1425 636
1426 0
1427 7
1428 17
1429 5
1430 8
1431 160
1432 0
1433 6
1434 22
1435 350
1436 0
1437 4
1438 83
1439 1259
1440 0
1441 4
1442 4
1443 1
1444 21
1445 38
1446 88
1447 1089
1448 0
1449 8
1450 19
1451 147
1452 0
1453 4
1454 11
1455 247
1456 0
1457 4
1458 4
1459 1
1460 16
1461 126
1462 781
1463 0
1464 7
1465 37
1466 468
1467 0
1468 4
1469 10
1470 80
1471 777
1472 0
1473 5
1474 44
1475 199
1476 137
1477 0
1478 5
1479 5
1480 1
1481 21
1482 37
1483 17
1484 55
1485 593
1486 0
1487 9
1488 200
1489 0
1490 3
1491 105
1492 127
1493 0
1494 4
1495 26
1496 105
1497 5
1498 18
1499 82
1500 731
1501 0
1502 8
1503 53
1504 1226
1505 0
1506 4
1507 12
1508 171
1509 355
1510 0
1511 5
1512 14
1513 326
1514 152
1515 0
1516 5
1517 5
1518 1
1519 38
1520 74
1521 253
1522 0
1523 7
1524 59
1525 1062
1526 0
1527 4
1528 21
1529 47
1530 642
1531 0
1532 5
1533 15
1534 302
1535 0
1536 4
1537 9
1538 50
1539 547
1540 0
1541 5
1542 9
1543 5
1544 2
1545 321
1546 636
1547 121
1548 0
1549 8
1550 47
1551 21
1552 23
1553 440
1554 0
1555 6
1556 122
1557 0
1558 3
1559 68
1560 446
1561 0
1562 4
1563 26
1564 68
1565 5
1566 22
1567 132
1568 1096
1569 0
1570 8
1571 21
1572 20
1573 683
1574 496
1575 0
1576 6
1577 21
1578 6
1579 2
1580 35
1581 393
1582 928
1583 0
1584 8
1585 14
1586 73
1587 510
1588 802
1589 0
1590 6
1591 12
1592 84
1593 829
1594 359
1595 0
1596 6
1597 6
1598 1
1599 80
1600 129
1601 258
1602 459
1603 0
1604 8
1605 20
1606 33
1607 214
1608 1086
1609 0
1610 6
1611 13
1612 481
1613 0
1614 4
1615 52
1616 216
1617 0
1618 4
1619 4
1620 1
1621 22
1622 55
1623 138
1624 666
1625 0
1626 8
1627 22
1628 6
1629 18
1630 131
1631 0
1632 6
1633 4
1634 14
1635 49
1636 489
1637 0
1638 6
1639 6
1640 1
1641 20
1642 36
1643 272
1644 0
1645 7
1646 122
1647 90
1648 0
1649 4
1650 16
1651 190
1652 0
1653 4
1654 4
1655 1
1656 15
1657 123
1658 1454
1659 0
1660 7
1661 15
1662 5
1663 97
1664 637
1665 0
1666 6
1667 27
1668 337
1669 0
1670 4
1671 16
1672 21
1673 95
1674 287
1675 0
1676 6
1677 10
1678 208
1679 0
1680 4
1681 10
1682 4
1683 2
1684 104
1685 714
1686 0
1687 7
1688 27
1689 21
1690 17
1691 207
1692 0
1693 6
1694 17
1695 4
1696 13
1697 85
1698 681
1699 0
1700 7
1701 13
1702 5
1703 40
1704 1178
1705 0
1706 6
1707 13
1708 6
1709 2
1710 26
1711 147
1712 260
1713 0
1714 8
1715 88
1716 269
1717 0
1718 4
1719 23
1720 167
1721 0
1722 4
1723 4
1724 1
1725 69
1726 1235
1727 0
1728 6
1729 20
1730 88
1731 15
1732 70
1733 395
1734 0
1735 7
1736 35
1737 156
1738 377
1739 0
1740 5
1741 38
1742 222
1743 0
1744 4
1745 21
1746 56
1747 381
1748 573
1749 0
1750 6
1751 22
1752 124
1753 0
1754 4
1755 10
1756 74
1757 236
1758 0
1759 5
1760 19
1761 310
1762 0
1763 4
1764 9
1765 222
1766 23
1767 47
1768 217
1769 1180
1770 0
1771 8
1772 57
1773 355
1774 264
1775 469
1776 0
1777 6
1778 27
1779 90
1780 132
1781 213
1782 1392
1783 0
1784 7
1785 49
1786 150
1787 0
1788 4
1789 25
1790 365
1791 0
1792 4
1793 4
1794 1
1795 70
1796 63
1797 547
1798 258
1799 197
1800 1352
1801 0
1802 10
1803 47
1804 36
1805 162
1806 0
1807 5
1808 48
1809 652
1810 1099
1811 0
1812 5
1813 5
1814 1
1815 20
1816 86
1817 1322
1818 0
1819 7
1820 35
1821 84
1822 229
1823 0
1824 5
1825 11
1826 371
1827 0
1828 4
1829 35
1830 9
1831 66
1832 543
1833 0
1834 6
1835 57
1836 63
1837 40
1838 134
1839 969
1840 0
1841 7
1842 22
1843 91
1844 1186
1845 0
1846 5
1847 22
1848 5
1849 2
1850 140
1851 1254
1852 0
1853 7
1854 12
1855 263
1856 0
1857 4
1858 29
1859 483
1860 0
1861 4
1862 4
1863 1
1864 49
1865 79
1866 594
1867 0
1868 7
1869 15
1870 138
1871 247
1872 416
1873 0
1874 6
1875 40
1876 38
1877 135
1878 0
1879 5
1880 31
1881 566
1882 0
1883 4
1884 21
1885 139
1886 1587
1887 0
1888 5
1889 9
1890 59
1891 366
1892 0
1893 5
1894 5
1895 1
1896 32
1897 584
1898 0
1899 6
1900 25
1901 111
1902 1550
1903 0
1904 5
1905 10
1906 103
1907 0
1908 4
1909 25
1910 9
1911 21
1912 27
1913 134
1914 75
1915 1162
1916 0
1917 9
1918 7
1919 50
1920 381
1921 173
1922 0
1923 6
1924 24
1925 861
1926 0
1927 4
1928 19
1929 168
1930 0
1931 4
1932 4
1933 1
1934 38
1935 58
1936 921
1937 549
1938 0
1939 8
1940 168
1941 11
1942 116
1943 1106
1944 0
1945 6
1946 22
1947 99
1948 1405
1949 0
1950 5
1951 46
1952 752
1953 0
1954 4
1955 22
1956 9
1957 39
1958 665
1959 0
1960 6
1961 15
1962 92
1963 789
1964 0
1965 5
1966 15
1967 5
1968 2
1969 119
1970 0
1971 6
1972 11
1973 31
1974 93
1975 852
1976 0
1977 6
1978 6
1979 1
1980 46
1981 29
1982 123
1983 325
1984 0
1985 8
1986 46
1987 6
1988 9
1989 32
1990 93
1991 16
1992 320
1993 0
1994 9
1995 6
1996 8
1997 11
1998 25
1999 89
2000 0
2001 7
2002 83
2003 564
2004 0
2005 4
2006 51
2007 613
2008 0
2009 4
2010 4
2011 1
2012 32
2013 23
2014 247
2015 143
2016 0
2017 8
2018 21
2019 107
2020 1259
Part 1: 1259
Part 2: 1259
